1103
1105
1109
1163
1265
1268
1295
1302
1353
1363
1365
1369
1395
1404
1414
1433
1441
1485
1522
1540
1542
1546
1552
1578
1619
1620
1622
1624
1647
1659
1715
1721
1725
1728
1734
1753
1765
1823
2000
2005
2012
2015
2016
2017
2028
2029
2030
2036
2047
2049
2050
2055
2056
2057
2061
2062
2074
2095
2098
2104
2105
2113
2115
2121
2131
2132
2138
2139
2141
2143
2144
2145
2150
2163
2711
2712
2714
2716
2818
3005
3012
3014
3030
3040
3049
3051
3052
3103
3144
3146
3165
3174
3182
3184
3186
3193
3200
3211
3212
3221
3231
3235
3246
3250
3253
3256
3261
3268
3269
4255
5045
5050
5107
5140
5141
5145
7121
8028
8060
8087
8091
8103
8118
8120
8126
8134
8149
9004
9011
9023
9030
9033
9040
9044
9051
9063
9064
9067
9068
9070
9071
9073
9075
9079
9089
9092
9093
9095
9139
9158
9165
9170
9177
9184
9188
9197
9215
9252
9256
9270
9279
9284
9291
9317
9321
9324
