1034
1040
1042
1043
1050
1054
1080
1100
1103
1105
1106
1109
1158
1163
1164
1175
1178
1186
1196
1207
1215
1216
1217
1237
1264
1265
1268
1273
1274
1276
1293
1294
1295
1302
1303
1335
1339
1343
1346
1353
1358
1359
1363
1365
1369
1375
1378
1395
1404
1406
1408
1414
1424
1425
1426
1427
1937
2000
2001
2002
2004
2005
2007
2010
2011
2012
2013
2014
2015
2016
2017
2018
2019
2020
2021
2023
2024
2025
2026
2027
2028
2029
2030
2031
2032
2033
2036
2037
2038
2040
2041
2042
2043
2044
2046
2047
2048
2049
2050
2052
2053
2054
2055
2056
2057
2060
2061
2062
2064
2066
2067
2068
2069
2070
2071
2072
2073
2074
2075
2076
2078
2079
2080
2081
2082
2083
2084
2085
2086
2087
2088
2089
2090
2091
2092
2093
2094
2095
2096
2097
2098
2099
2100
2101
2102
2103
2104
2105
2106
2108
2109
2110
2111
2112
2113
2114
2115
2116
2117
2120
2121
2122
2123
2124
2125
2126
2127
2128
2129
2130
2131
2132
2133
2134
2135
2137
2138
2139
2140
2141
2143
2144
2145
2147
2148
2149
2150
2152
2154
2156
2161
2162
2163
2501
2503
2505
2510
2512
2516
2517
2518
2519
2520
2522
2526
2527
2528
2529
2530
2532
2536
2542
2548
2549
2550
2552
2710
2711
2712
2713
2714
2716
2717
2718
2719
2818
9001
9002
9003
9004
9005
9007
9008
9009
9010
9011
9012
9013
9014
9015
9016
9017
9018
9019
9020
9021
9022
9023
9024
9025
9026
9027
9028
9029
9030
9031
9032
9033
9034
9035
9036
9038
9040
9041
9042
9043
9044
9046
9047
9048
9049
9050
9051
9055
9056
9057
9058
9059
9060
9061
9062
9063
9064
9065
9066
9067
9068
9069
9070
9071
9073
9074
9075
9076
9079
9083
9084
9087
9088
9089
9090
9091
9092
9093
9094
9095
9096
9097
9098
9099
9100
9101
9102
9103
9104
9105
9106
9107
9108
9111
9112
9114
9115
9118
9119
9120
9121
9122
9123
9124
9125
9126
9127
9128
9130
9131
9133
9134
9137
9138
9139
9140
9141
9142
9143
9144
9145
9146
9147
9149
9153
9155
9158
9159
9161
9162
9163
9165
9166
9168
9169
9170
9171
9172
9174
9175
9176
9177
9181
9182
9183
9184
9185
9186
9187
9188
9189
9190
9191
9192
9193
9195
9196
9197
9201
9203
9209
9215
9216
9225
9229
9230
9231
9250
9251
9252
9253
9254
9255
9256
9258
9260
9261
9262
9263
9264
9265
9266
9268
9270
9271
9273
9277
9278
9279
9280
9281
9282
9283
9284
9285
9286
9287
9290
9291
9292
9293
9300
9301
9302
9307
9311
9313
9314
9315
9316
9317
9318
9319
9321
9322
9323
9324
9327
9328
9329
1431
1433
1438
1440
1441
1443
1446
1455
1458
1464
1470
1471
1473
1483
1485
1497
1506
1512
1514
1519
1520
1522
1540
1542
1544
1546
1550
1552
1554
1564
1568
1574
1578
1585
1586
1588
1940
5001
5002
5003
5004
5006
5007
5008
5014
5016
5017
5018
5019
5020
5023
5024
5025
5027
5028
5029
5031
5038
5040
5041
5042
5043
5044
5045
5046
5047
5048
5050
5053
5056
5057
5058
5059
5060
5061
5062
5063
5064
5065
5066
5067
5068
5069
5070
5071
5072
5073
5074
5076
5077
5078
5080
5081
5082
5083
5084
5088
5090
5095
5097
5100
5101
5104
5107
5113
5121
5123
5125
5127
5128
5130
5132
5133
5135
5136
5138
5140
5141
5142
5144
5145
5146
5147
5150
5151
5155
5156
5906
5916
5925
5949
5950
4001
4002
4003
4004
4007
4008
4009
4010
4012
4013
4014
4015
4016
4017
4018
4019
4022
4024
4030
4101
4102
4103
4104
4105
4108
4122
4123
4124
4129
4130
4131
4133
4136
4137
4138
4140
4151
4159
4162
4163
4164
4165
4172
4173
4174
4176
4201
4202
4203
4204
4205
4207
4208
4209
4210
4212
4213
4214
4217
4218
4224
4225
4226
4227
4228
4230
4232
4233
4234
4235
4236
4238
4239
4243
4244
4245
4247
4248
4252
4253
4255
4256
4257
4261
4262
4263
4264
4266
4267
4269
4271
4272
4273
4276
4278
4279
4280
4281
4282
4283
4284
4285
4904
4906
4908
4909
4910
4913
4914
4915
4916
4919
4922
4924
4930
4931
4961
8002
8003
8004
8005
8006
8007
8011
8012
8013
8015
8016
8018
8020
8021
8022
8023
8025
8026
8027
8028
8029
8030
8031
8032
8033
8036
8037
8038
8039
8042
8043
8044
8045
8046
8047
8048
8049
8050
8051
8052
8053
8055
8057
8058
8059
8060
8064
8067
8070
8071
8074
8076
8078
8079
8080
8081
8083
8085
8086
8087
8088
8089
8090
8091
8092
8093
8095
8096
8103
8104
8105
8106
8107
8112
8118
8119
8120
8126
8128
8129
8130
8132
8134
8135
8137
8138
8139
8140
8144
8145
8147
8148
8149
8153
8154
1010
1011
1012
1018
1605
1607
1608
1609
1617
1619
1620
1621
1622
1624
1625
1626
1628
1629
1631
1638
1639
1640
1641
1642
1644
1645
1647
1659
1705
1715
1718
1719
1721
1722
1723
1724
1725
1726
1727
1728
1729
1734
1739
1747
1748
1749
1751
1753
1754
1765
1768
1769
1805
1823
1824
1829
1831
1832
1837
1928
1931
1942
7001
7002
7003
7004
7005
7006
7007
7008
7009
7011
7012
7013
7014
7016
7017
7018
7019
7020
7021
7022
7023
7024
7025
7028
7029
7030
7033
7035
7036
7037
7043
7045
7047
7048
7049
7050
7055
7057
7062
7063
7064
7067
7102
7112
7117
7121
7124
7125
7128
7129
7137
7158
7164
7165
7167
7628
7821
7850
7863
3001
3003
3004
3005
3006
3007
3008
3009
3011
3012
3014
3015
3016
3017
3018
3019
3022
3023
3024
3028
3030
3031
3033
3040
3041
3043
3045
3048
3049
3050
3051
3052
3053
3054
3060
3061
3062
3063
3065
3066
3067
3069
3070
3072
3080
3082
3083
3100
3101
3102
3103
3111
3112
3113
3114
3115
3127
3128
3140
3141
3142
3143
3144
3146
3147
3148
3149
3151
3152
3153
3154
3155
3156
3157
3158
3159
3161
3162
3163
3164
3165
3168
3169
3172
3173
3174
3175
3176
3177
3178
3179
3180
3182
3183
3184
3186
3187
3188
3193
3194
3195
3196
3198
3199
3200
3201
3203
3210
3211
3212
3213
3217
3218
3220
3221
3222
3223
3230
3231
3232
3233
3234
3235
3237
3238
3240
3242
3243
3244
3246
3248
3250
3251
3252
3253
3254
3255
3256
3258
3259
3261
3262
3263
3264
3268
3269
3270
3271
3273
3276
3278
3279
3281
3285
3903
3904
3908
3909
3912
3914
3916
3919
3940
