1080
1103
1105
1106
1109
1265
1268
1295
1302
1353
1369
1378
1395
1404
1414
1424
1427
1431
1438
1441
1522
1540
1544
1546
1552
1585
1605
1619
1647
1723
1729
1734
1753
1765
1824
1829
2000
2005
2012
2015
2016
2028
2036
2043
2046
2047
2048
2049
2053
2057
2060
2062
2074
2082
2089
2098
2104
2121
2125
2126
2132
2139
2141
2144
2145
2147
2156
2163
2712
2818
3001
3005
3012
3014
3030
3045
3049
3051
3062
3100
3103
3169
3174
3180
3182
3193
3211
3212
3213
3218
3231
3233
3234
3235
3246
3250
3251
3255
3261
3268
3269
3276
3279
4207
4212
4255
5045
5056
5083
5123
5140
5141
5145
8018
8029
8090
8091
8092
8103
8104
8118
8120
8140
9003
9011
9020
9021
9023
9030
9033
9040
9041
9044
9063
9064
9069
9070
9071
9079
9087
9088
9092
9093
9120
9139
9158
9165
9166
9170
9177
9184
9188
9197
9215
9252
9254
9255
9256
9263
9270
9271
9281
9282
9283
9284
9291
9317
9321
9323
9324
9327
