1105
1106
1109
1163
1265
1295
1302
1343
1353
1365
1369
1404
1414
1424
1427
1433
1438
1441
1464
1485
1512
1520
1522
1540
1542
1544
1552
1605
1620
1638
1647
1721
1725
1728
1753
1765
1823
2005
2012
2015
2016
2017
2026
2028
2029
2030
2043
2046
2047
2048
2050
2053
2061
2062
2081
2082
2089
2101
2113
2114
2115
2116
2126
2131
2138
2139
2141
2145
2147
2156
2712
2713
2714
2818
3001
3005
3012
3030
3040
3045
3052
3062
3100
3103
3161
3163
3168
3175
3184
3193
3200
3213
3217
3220
3221
3222
3231
3233
3234
3235
3244
3251
3253
3268
3269
3278
9002
9011
9021
9030
9033
9038
9041
9044
9051
9061
9063
9064
9068
9069
9071
9073
9074
9075
9079
9093
9095
9159
9166
9177
9184
9188
9189
9197
9203
9215
9252
9254
9255
9261
9263
9265
9270
9271
9281
9287
9291
9317
9322
9323
9328
