1105
1106
1109
1295
1343
1363
1369
1378
1395
1414
1427
1431
1441
1443
1485
1520
1522
1552
1585
1605
1619
1620
1624
1638
1659
1715
1721
1723
1725
1726
1728
1729
1734
1753
1823
1824
1829
2005
2012
2016
2025
2028
2029
2031
2036
2041
2046
2047
2050
2055
2056
2057
2074
2081
2082
2089
2098
2101
2104
2113
2114
2115
2116
2121
2125
2126
2131
2132
2139
2141
2143
2147
2711
2712
2713
2717
3001
3012
3030
3040
3045
3100
3161
3163
3165
3169
3175
3180
3186
3193
3198
3200
3213
3217
3218
3220
3221
3222
3234
3235
3242
3244
3246
3253
3268
3276
3279
8018
8028
8060
8087
8091
8104
8118
8120
8134
8149
9003
9020
9021
9030
9033
9040
9041
9061
9063
9064
9069
9073
9074
9075
9087
9089
9093
9095
9120
9139
9159
9165
9166
9170
9177
9184
9187
9188
9189
9197
9215
9252
9256
9261
9263
9265
9271
9279
9284
9291
9321
9323
9324
9327
