1105
1302
1353
1363
1365
1369
1404
1427
1431
1441
1443
1512
1520
1522
1542
1544
1546
1578
1605
1619
1620
1622
1638
1659
1723
1725
1726
1728
1753
1823
1824
1829
2000
2012
2013
2025
2026
2028
2030
2031
2041
2043
2046
2049
2050
2053
2055
2057
2061
2074
2081
2089
2098
2101
2105
2113
2114
2115
2116
2121
2125
2126
2131
2138
2139
2144
2145
2147
2156
2163
2712
2713
2716
2717
3005
3014
3040
3045
3049
3052
3062
3161
3165
3169
3174
3180
3184
3186
3198
3200
3212
3213
3220
3222
3231
3234
3235
3242
3244
3246
3253
3268
3279
4207
4212
4214
5045
5050
5056
5107
5123
5136
5138
5140
5142
7121
8027
8090
8092
8103
8104
8118
8126
8134
8140
8148
8149
9003
9011
9020
9021
9030
9040
9041
9044
9051
9064
9067
9068
9069
9070
9071
9073
9074
9075
9088
9089
9093
9159
9165
9166
9170
9177
9184
9187
9188
9197
9203
9254
9256
9265
9271
9279
9281
9282
9287
9291
9322
9323
9324
9328
