1105
1106
1109
1295
1343
1363
1369
1378
1395
1414
1427
1431
1441
1443
1485
1520
1522
1546
1552
1585
1605
1619
1620
1624
1638
1659
1715
1721
1723
1725
1726
1728
1729
1734
1753
1823
1824
2000
2005
2015
2017
2025
2028
2031
2036
2041
2046
2047
2049
2053
2056
2057
2060
2062
2081
2082
2089
2098
2101
2104
2105
2114
2115
2116
2121
2125
2126
2131
2132
2139
2141
2143
2144
2711
2712
2713
2716
2818
3012
3030
3040
3045
3062
3103
3144
3163
3165
3169
3174
3180
3186
3193
3198
3200
3213
3217
3218
3220
3221
3222
3235
3242
3244
3246
3250
3261
3279
5045
5056
5083
5123
5138
5141
5145
8029
8060
8087
8091
8118
8126
9002
9003
9011
9020
9023
9030
9040
9044
9051
9063
9068
9069
9070
9073
9075
9088
9089
9092
9093
9120
9139
9159
9165
9166
9170
9177
9184
9187
9188
9197
9215
9252
9256
9261
9263
9270
9271
9281
9284
9291
9321
9323
9324
