1080
1103
1105
1106
1109
1163
1265
1268
1295
1302
1343
1353
1363
1365
1369
1378
1395
1404
1414
1424
1427
1431
1433
1438
1441
1443
1464
1485
1512
1520
1522
1540
1542
1544
1546
1552
1578
1585
1605
1619
1620
1622
1624
1638
1647
1659
1715
1721
1723
1725
1726
1728
1729
1734
1753
1765
1823
1824
1829
2000
2005
2012
2013
2015
2016
2017
2025
2026
2028
2029
2030
2031
2036
2041
2043
2046
2047
2049
2050
2053
2054
2055
2056
2057
2060
2061
2062
2074
2081
2082
2089
2095
2098
2101
2104
2105
2113
2114
2115
2116
2121
2125
2126
2131
2132
2138
2139
2141
2143
2144
2145
2147
2150
2156
2163
2711
2712
2713
2714
2716
2717
2818
3001
3005
3012
3014
3030
3040
3045
3049
3051
3052
3062
3100
3103
3144
3146
3161
3163
3165
3168
3169
3174
3175
3180
3182
3184
3186
3193
3198
3200
3211
3212
3213
3217
3218
3220
3221
3222
3231
3234
3235
3242
3244
3246
3250
3253
3256
3261
3268
3269
3276
3278
3279
4255
5045
5050
5056
5083
5107
5123
5136
5138
5141
5142
5145
8018
8028
8029
8060
8087
8090
8091
8103
8104
8118
8120
8126
8134
8149
9002
9003
9004
9011
9020
9021
9023
9030
9033
9038
9040
9041
9044
9051
9061
9062
9063
9064
9067
9068
9069
9070
9071
9073
9074
9075
9079
9088
9089
9092
9093
9095
9120
9139
9158
9159
9165
9166
9170
9177
9184
9187
9188
9189
9197
9203
9215
9252
9254
9256
9261
9263
9265
9270
9271
9279
9281
9282
9283
9284
9287
9291
9317
9321
9322
9323
9324
9327
9328
